0.018519 
0.071315 
0.138569 
0.002646 
0.068175 
0.056605 
0.051981 
-0.053707 
0.064010 
0.082056 
0.046693 
0.036125 
0.039503 
0.129299 
0.072338 
0.004431 
0.056464 
0.084115 
0.008487 
0.010518 
0.024155 
-0.051875 
0.054959 
0.145433 
0.017196 
0.082969 
0.038145 
0.008391 
0.009083 
0.045724 
0.044710 
-0.052509 
0.089747 
0.020360 
0.032632 
0.057883 
0.072494 
0.041363 
0.008331 
0.074132 
0.212367 
0.066011 
0.054245 
0.099467 
0.184148 
0.010347 
0.035002 
0.012692 
0.021888 
-0.008045 
0.073239 
0.017332 
0.004278 
-0.010400 
0.047555 
0.048989 
-0.055556 
0.049912 
0.090496 
0.075557 
0.042857 
0.032409 
-0.095450 
0.049290 
0.073468 
-0.076689 
0.092601 
0.082779 
0.024670 
0.006981 
0.062356 
0.075501 
0.028147 
-0.080290 
-0.068473 
0.085964 
0.020492 
0.034395 
0.102332 
0.230849 
0.102688 
0.006736 
0.174312 
-0.108491 
-0.023293 
-0.004896 
0.180984 
0.066048 
0.079337 
0.051238 
0.072299 
0.065109 
0.013860 
-0.035207 
0.030907 
0.064067 
0.042677 
-0.040842 
