"Index" "DGS10" "DGS2" "ans"
1978-08-18 8.46 8.5 1
1978-08-21 8.41 8.47 1
1978-08-22 8.41 8.47 1
1978-08-23 8.32 8.42 1
1978-08-24 8.35 8.41 1
1978-08-25 8.34 8.41 1
1978-08-28 8.35 8.41 1
1978-08-29 8.37 8.44 1
1978-08-30 8.42 8.48 1
1978-08-31 8.39 8.46 1
1978-09-01 8.38 8.5 1
1978-09-05 8.34 8.46 1
1978-09-06 8.35 8.44 1
1978-09-07 8.34 8.44 1
1978-09-08 8.34 8.46 1
1978-09-11 8.31 8.43 1
1978-09-12 8.29 8.45 1
1978-09-13 8.3 8.45 1
1978-09-14 8.32 8.45 1
1978-09-15 8.35 8.49 1
1978-09-18 8.37 8.52 1
1978-09-19 8.38 8.54 1
1978-09-20 8.46 8.6 1
1978-09-21 8.51 8.69 1
1978-09-22 8.56 8.73 1
1978-09-25 8.56 8.75 1
1978-09-26 8.53 8.75 1
1978-09-27 8.54 8.74 1
1978-09-28 8.54 8.72 1
1978-09-29 8.56 8.7 1
1978-10-02 8.58 8.71 1
1978-10-03 8.57 8.69 1
1978-10-04 8.59 8.69 1
1978-10-05 8.6 8.69 1
1978-10-06 8.58 8.69 1
1978-10-10 8.58 8.7 1
1978-10-11 8.56 8.7 1
1978-10-12 8.51 8.69 1
1978-10-13 8.52 8.69 1
1978-10-16 8.59 8.73 1
1978-10-17 8.6 8.77 1
1978-10-18 8.62 8.83 1
1978-10-19 8.64 8.84 1
1978-10-20 8.66 8.85 1
1978-10-23 8.66 8.84 1
1978-10-24 8.64 8.85 1
1978-10-25 8.65 8.96 1
1978-10-26 8.72 9.05 1
1978-10-27 8.78 9.12 1
1978-10-30 8.88 9.35 1
1978-10-31 8.96 9.49 1
1978-11-01 8.66 9.44 1
1978-11-02 8.73 9.42 1
1978-11-03 8.86 9.49 1
1978-11-06 8.85 9.45 1
1978-11-08 8.86 9.49 1
1978-11-09 8.87 9.5 1
1978-11-10 8.86 9.46 1
1978-11-13 8.83 9.4 1
1978-11-14 8.82 9.41 1
1978-11-15 8.76 9.34 1
1978-11-16 8.72 9.21 1
1978-11-17 8.72 9.19 1
1978-11-20 8.72 9.19 1
1978-11-21 8.77 9.23 1
1978-11-22 8.77 9.37 1
1978-11-24 8.86 9.6 1
1978-11-27 8.86 9.6 1
1978-11-28 8.86 9.6 1
1978-11-29 8.86 9.55 1
1978-11-30 8.86 9.55 1
1978-12-01 8.8 9.5 1
1978-12-04 8.82 9.51 1
1978-12-05 8.85 9.5 1
1978-12-06 8.85 9.5 1
1978-12-07 8.89 9.5 1
1978-12-08 8.9 9.51 1
1978-12-11 8.9 9.52 1
1978-12-12 8.92 9.52 1
1978-12-13 8.98 9.54 1
1978-12-14 8.96 9.54 1
1978-12-15 9 9.58 1
1978-12-18 9.13 9.86 1
1978-12-19 9.14 9.91 1
1978-12-20 9.16 9.96 1
1978-12-21 9.16 9.98 1
1978-12-22 9.11 9.96 1
1978-12-26 9.13 9.98 1
1978-12-27 9.12 9.98 1
1978-12-28 9.16 9.98 1
1978-12-29 9.15 9.98 1
1979-01-02 9.18 10 1
1979-01-03 9.16 9.98 1
1979-01-04 9.11 9.88 1
1979-01-05 9.1 9.87 1
1979-01-08 9.14 9.92 1
1979-01-09 9.16 9.92 1
1979-01-10 9.16 9.94 1
1979-01-11 9.15 9.92 1
1979-01-12 9.14 9.92 1
1979-01-15 9.15 9.91 1
1979-01-16 9.16 9.92 1
1979-01-17 9.18 9.91 1
1979-01-18 9.18 9.92 1
1979-01-19 9.15 9.91 1
1979-01-22 9.12 9.86 1
1979-01-23 9.1 9.85 1
1979-01-24 9.08 9.85 1
1979-01-25 8.98 9.78 1
1979-01-26 8.93 9.67 1
1979-01-29 8.96 9.67 1
1979-01-30 8.95 9.68 1
1979-01-31 8.95 9.64 1
1979-02-01 8.94 9.61 1
1979-02-02 8.89 9.48 1
1979-02-05 8.95 9.53 1
1979-02-06 9 9.58 1
1979-02-07 9.09 9.67 1
1979-02-08 9.09 9.7 1
1979-02-09 9.11 9.7 1
1979-02-13 9.11 9.69 1
1979-02-14 9.12 9.67 1
1979-02-15 9.12 9.68 1
1979-02-16 9.11 9.68 1
1979-02-20 9.12 9.69 1
1979-02-21 9.15 9.71 1
1979-02-22 9.2 9.9 1
1979-02-23 9.21 9.92 1
1979-02-26 9.2 9.91 1
1979-02-27 9.19 9.89 1
1979-02-28 9.17 9.89 1
1979-03-01 9.17 9.87 1
1979-03-02 9.16 9.87 1
1979-03-05 9.11 9.83 1
1979-03-06 9.14 9.83 1
1979-03-07 9.1 9.81 1
1979-03-08 9.1 9.76 1
1979-03-09 9.11 9.79 1
1979-03-12 9.11 9.81 1
1979-03-13 9.11 9.8 1
1979-03-14 9.12 9.82 1
1979-03-15 9.14 9.82 1
1979-03-16 9.12 9.84 1
1979-03-19 9.12 9.81 1
1979-03-20 9.13 9.79 1
1979-03-21 9.13 9.79 1
1979-03-22 9.12 9.77 1
1979-03-23 9.12 9.77 1
1979-03-26 9.12 9.76 1
1979-03-27 9.11 9.73 1
1979-03-28 9.07 9.71 1
1979-03-29 9.06 9.67 1
1979-03-30 9.11 9.72 1
1979-04-02 9.11 9.74 1
1979-04-03 9.1 9.73 1
1979-04-04 9.09 9.71 1
1979-04-05 9.07 9.68 1
1979-04-06 9.1 9.75 1
1979-04-09 9.14 9.81 1
1979-04-10 9.17 9.81 1
1979-04-11 9.2 9.85 1
1979-04-12 9.2 9.85 1
1979-04-16 9.19 9.86 1
1979-04-17 9.16 9.77 1
1979-04-18 9.15 9.71 1
1979-04-19 9.15 9.68 1
1979-04-20 9.19 9.73 1
1979-04-23 9.21 9.73 1
1979-04-24 9.24 9.75 1
1979-04-25 9.23 9.77 1
1979-04-26 9.27 9.8 1
1979-04-27 9.32 9.93 1
1979-04-30 9.35 9.91 1
1979-05-01 9.36 9.91 1
1979-05-02 9.34 9.91 1
1979-05-03 9.38 9.93 1
1979-05-04 9.39 9.93 1
1979-05-07 9.39 9.91 1
1979-05-08 9.38 9.91 1
1979-05-09 9.36 9.9 1
1979-05-10 9.36 9.92 1
1979-05-11 9.34 9.9 1
1979-05-14 9.3 9.87 1
1979-05-15 9.32 9.87 1
1979-05-16 9.31 9.84 1
1979-05-17 9.24 9.72 1
1979-05-18 9.23 9.71 1
1979-05-21 9.24 9.75 1
1979-05-22 9.15 9.69 1
1979-05-23 9.07 9.65 1
1979-05-24 9.06 9.58 1
1979-05-25 9.01 9.5 1
1979-05-29 9.01 9.5 1
1979-05-31 9.06 9.56 1
1979-06-01 9.05 9.56 1
1979-06-04 9.06 9.56 1
1979-06-05 9.02 9.5 1
1979-06-06 8.97 9.43 1
1979-06-07 8.89 9.29 1
1979-06-08 8.9 9.25 1
1979-06-11 8.94 9.27 1
1979-06-12 8.79 9.05 1
1979-06-13 8.83 9.08 1
1979-06-14 8.87 9.12 1
1979-06-15 8.96 9.24 1
1979-06-18 8.95 9.26 1
1979-06-19 8.95 9.24 1
1979-06-20 8.94 9.25 1
1979-06-21 8.93 9.25 1
1979-06-22 8.98 9.27 1
1979-06-25 8.93 9.2 1
1979-06-26 8.82 8.97 1
1979-06-27 8.8 8.92 1
1979-06-28 8.8 8.95 1
1979-06-29 8.81 8.97 1
1979-07-02 8.76 8.93 1
1979-07-03 8.77 8.95 1
1979-07-05 8.8 8.98 1
1979-07-06 8.82 9 1
1979-07-09 8.86 9.04 1
1979-07-10 8.92 9.04 1
1979-07-11 8.97 9.04 1
1979-07-12 8.95 9.01 1
1979-07-13 8.94 9.01 1
1979-07-16 8.99 9.08 1
1979-07-17 9.01 9.1 1
1979-07-18 9.03 9.1 1
1979-07-19 9.04 9.14 1
1979-07-20 8.98 9.24 1
1979-07-23 9.03 9.28 1
1979-07-24 9.06 9.33 1
1979-07-25 8.99 9.36 1
1979-07-26 8.97 9.25 1
1979-07-27 9.02 9.38 1
1979-07-30 9.03 9.32 1
1979-07-31 9.01 9.31 1
1979-08-01 8.99 9.23 1
1979-08-02 8.91 9.2 1
1979-08-03 8.92 9.27 1
1979-08-06 8.91 9.27 1
1979-08-07 8.91 9.22 1
1979-08-08 8.93 9.25 1
1979-08-09 8.97 9.27 1
1979-08-10 9 9.33 1
1979-08-13 9 9.34 1
1979-08-14 8.98 9.32 1
1979-08-15 9 9.41 1
1979-08-16 9 9.39 1
1979-08-17 9.01 9.44 1
1979-08-20 9.02 9.45 1
1979-08-21 9.04 9.51 1
1979-08-22 9.04 9.55 1
1979-08-23 9.05 9.63 1
1979-08-24 9.14 9.72 1
1979-08-27 9.12 9.68 1
1979-08-28 9.15 9.73 1
1979-08-29 9.14 9.73 1
1979-08-30 9.21 9.77 1
1979-08-31 9.24 9.84 1
1979-09-04 9.32 10 1
1979-09-05 9.32 10.02 1
1979-09-06 9.35 10.03 1
1979-09-07 9.34 10.1 1
1979-09-10 9.36 10.13 1
1979-09-11 9.25 10 1
1979-09-12 9.3 10.04 1
1979-09-13 9.34 10.1 1
1979-09-14 9.29 10.02 1
1979-09-17 9.37 10.13 1
1979-09-18 9.36 10.14 1
1979-09-19 9.31 10.08 1
1979-09-20 9.29 10.03 1
1979-09-21 9.26 10 1
1979-09-24 9.34 10.01 1
1979-09-25 9.32 10.01 1
1979-09-26 9.36 10.02 1
1979-09-27 9.44 10.11 1
1979-09-28 9.44 10.1 1
1979-10-01 9.51 10.14 1
1979-10-02 9.47 10.14 1
1979-10-03 9.5 10.14 1
1979-10-04 9.58 10.34 1
1979-10-05 9.6 10.39 1
1979-10-09 9.93 11.12 1
1979-10-10 10.09 11.4 1
1979-10-11 10.17 11.26 1
1979-10-12 10.15 11.17 1
1979-10-15 10.31 11.39 1
1979-10-16 10.27 11.39 1
1979-10-17 10.2 11.4 1
1979-10-18 10.41 11.75 1
1979-10-19 10.68 12.15 1
1979-10-22 10.96 12.43 1
1979-10-23 11.02 12.63 1
1979-10-24 10.83 12.52 1
1979-10-25 10.98 12.59 1
1979-10-26 10.67 12.05 1
1979-10-29 10.78 12.19 1
1979-10-30 10.75 12.12 1
1979-10-31 10.72 12.06 1
1979-11-01 10.79 12.08 1
1979-11-02 10.84 12.19 1
1979-11-05 10.85 12.15 1
1979-11-07 11 12.36 1
1979-11-08 10.96 12.29 1
1979-11-09 10.68 11.78 1
1979-11-13 10.63 11.64 1
1979-11-14 10.75 11.82 1
1979-11-15 10.62 11.68 1
1979-11-16 10.77 11.97 1
1979-11-19 10.8 12.08 1
1979-11-20 10.78 12.12 1
1979-11-21 10.73 12.17 1
1979-11-23 10.51 11.69 1
1979-11-26 10.37 11.44 1
1979-11-27 10.24 11.11 1
1979-11-28 10.37 11.23 1
1979-11-29 10.34 11.23 1
1979-11-30 10.38 11.33 1
1979-12-03 10.44 11.42 1
1979-12-04 10.32 11.3 1
1979-12-05 10.27 11.21 1
1979-12-06 10.13 11.08 1
1979-12-07 10.3 11.21 1
1979-12-10 10.27 11.25 1
1979-12-11 10.46 11.6 1
1979-12-12 10.58 11.85 1
1979-12-13 10.51 11.67 1
1979-12-14 10.45 11.47 1
1979-12-17 10.42 11.45 1
1979-12-18 10.34 11.31 1
1979-12-19 10.33 11.38 1
1979-12-20 10.38 11.4 1
1979-12-21 10.39 11.42 1
1979-12-24 10.45 11.44 1
1979-12-26 10.48 11.43 1
1979-12-27 10.46 11.39 1
1979-12-28 10.41 11.3 1
1979-12-31 10.33 11.23 1
1980-01-02 10.5 11.39 1
1980-01-03 10.6 11.45 1
1980-01-04 10.66 11.47 1
1980-01-07 10.63 11.35 1
1980-01-08 10.57 11.26 1
1980-01-09 10.58 11.24 1
1980-01-10 10.51 11.18 1
1980-01-11 10.68 11.33 1
1980-01-14 10.7 11.35 1
1980-01-15 10.65 11.32 1
1980-01-16 10.65 11.3 1
1980-01-17 10.71 11.37 1
1980-01-18 10.82 11.52 1
1980-01-21 10.96 11.58 1
1980-01-22 10.85 11.56 1
1980-01-23 10.82 11.53 1
1980-01-24 11.01 11.68 1
1980-01-25 11.1 11.82 1
1980-01-28 11.15 11.79 1
1980-01-29 11.21 11.88 1
1980-01-30 11.16 11.84 1
1980-01-31 11.13 11.75 1
1980-02-01 11.29 12.04 1
1980-02-04 11.4 12.12 1
1980-02-05 11.73 12.49 1
1980-02-06 11.92 12.42 1
1980-02-07 11.71 12.21 1
1980-02-08 11.8 12.31 1
1980-02-11 12.01 12.6 1
1980-02-13 11.86 12.52 1
1980-02-14 11.97 12.6 1
1980-02-15 12.2 13.13 1
1980-02-19 12.85 13.96 1
1980-02-20 12.84 14.03 1
1980-02-21 13.22 14.51 1
1980-02-22 13.06 14.52 1
1980-02-25 13.27 14.62 1
1980-02-26 13.65 14.91 1
1980-02-27 13.46 14.82 1
1980-02-28 12.92 14.41 1
1980-02-29 12.72 14.73 1
1980-03-03 12.79 14.83 1
1980-03-04 12.91 14.86 1
1980-03-05 13.03 14.99 1
1980-03-06 13.13 15.27 1
1980-03-07 12.86 15.2 1
1980-03-10 12.63 14.71 1
1980-03-11 12.41 14.43 1
1980-03-12 12.62 14.74 1
1980-03-13 12.5 14.69 1
1980-03-14 12.52 14.8 1
1980-03-17 12.58 14.82 1
1980-03-18 12.4 14.42 1
1980-03-19 12.35 14.33 1
1980-03-20 12.62 15.03 1
1980-03-21 12.75 15.02 1
1980-03-24 13.17 15.36 1
1980-03-25 13.1 15.19 1
1980-03-26 13.03 15.26 1
1980-03-27 12.97 15.11 1
1980-03-28 12.72 14.89 1
1980-03-31 12.64 14.63 1
1980-04-01 12.69 14.59 1
1980-04-02 12.63 14.52 1
1980-04-03 12.52 14.51 1
1980-04-07 12.13 13.85 1
1980-04-08 12.21 13.89 1
1980-04-09 12.06 13.54 1
1980-04-10 12.06 13.57 1
1980-04-11 11.79 13.22 1
1980-04-14 11.62 12.96 1
1980-04-15 11.57 12.72 1
1980-04-16 10.9 11.97 1
1980-04-17 11.13 11.97 1
1980-04-18 11.05 11.76 1
1980-04-21 10.9 11.56 1
1980-04-22 10.82 11.43 1
1980-04-23 10.89 11.38 1
1980-04-24 10.96 11.42 1
1980-04-25 10.95 11.39 1
1980-04-28 10.63 10.74 1
1980-04-29 10.67 10.74 1
1980-04-30 10.76 10.81 1
1980-05-01 10.57 10.7 1
1980-09-12 11.37 11.4 1
1980-09-15 11.62 11.79 1
1980-09-16 11.52 11.68 1
1980-09-17 11.57 11.79 1
1980-09-18 11.53 11.84 1
1980-09-19 11.33 11.59 1
1980-09-22 11.69 12 1
1980-09-23 11.76 12 1
1980-09-24 11.75 11.98 1
1980-09-25 11.91 12.11 1
1980-09-26 11.99 12.4 1
1980-09-29 12.07 12.38 1
1980-09-30 11.86 12.13 1
1980-10-01 11.78 12.02 1
1980-10-02 11.83 12.06 1
1980-10-03 11.4 11.51 1
1980-10-06 11.35 11.41 1
1980-10-07 11.43 11.44 1
1980-10-08 11.51 11.69 1
1980-10-09 11.39 11.6 1
1980-10-10 11.44 11.64 1
1980-10-14 11.37 11.67 1
1980-10-15 11.29 11.58 1
1980-10-16 11.47 11.69 1
1980-10-17 11.62 11.91 1
1980-10-20 11.64 12 1
1980-10-21 11.7 12.11 1
1980-10-22 11.88 12.31 1
1980-10-23 11.82 12.31 1
1980-10-24 11.74 12.25 1
1980-10-27 12.13 12.73 1
1980-10-28 12.32 12.91 1
1980-10-29 12.48 12.98 1
1980-10-30 12.48 13.04 1
1980-10-31 12.46 13.08 1
1980-11-03 12.46 13.23 1
1980-11-05 12.61 13.38 1
1980-11-06 13.04 13.57 1
1980-11-07 12.66 13.36 1
1980-11-10 12.78 13.29 1
1980-11-12 12.47 12.86 1
1980-11-13 12.49 12.89 1
1980-11-14 12.79 13.25 1
1980-11-17 12.95 13.71 1
1980-11-18 12.62 13.47 1
1980-11-19 12.51 13.37 1
1980-11-20 12.59 13.53 1
1980-11-21 12.8 13.83 1
1980-11-24 12.76 13.88 1
1980-11-25 12.74 13.99 1
1980-11-26 12.65 14 1
1980-11-28 12.72 14.13 1
1980-12-01 12.92 14.25 1
1980-12-02 12.95 14.25 1
1980-12-03 12.92 14.04 1
1980-12-04 12.91 14.15 1
1980-12-05 12.85 14.34 1
1980-12-08 12.91 14.45 1
1980-12-09 13.1 14.54 1
1980-12-10 13.15 14.59 1
1980-12-11 13.57 14.97 1
1980-12-12 13.21 14.74 1
1980-12-15 13.25 14.83 1
1980-12-16 13.51 15.12 1
1980-12-17 13.28 14.98 1
1980-12-18 13.22 14.89 1
1980-12-19 12.64 14.05 1
1980-12-22 12.14 13.24 1
1980-12-23 12.35 13.04 1
1980-12-24 12.42 13.37 1
1980-12-26 12.25 12.95 1
1980-12-29 12.2 12.87 1
1980-12-30 12.39 12.97 1
1980-12-31 12.43 13.06 1
1981-01-02 12.42 13.1 1
1981-01-05 12.15 12.28 1
1981-01-06 12.11 12.42 1
1981-01-07 12.38 12.92 1
1981-01-08 12.35 13.09 1
1981-01-09 12.57 13.53 1
1981-01-12 12.45 13.17 1
1981-01-13 12.53 13.3 1
1981-01-14 12.53 12.95 1
1981-01-15 12.62 13.25 1
1981-01-16 12.53 13.08 1
1981-01-19 12.64 13.62 1
1981-01-20 12.5 13.48 1
1981-01-21 12.77 13.79 1
1981-01-22 12.87 13.83 1
1981-01-23 12.84 13.74 1
1981-01-26 12.7 13.4 1
1981-01-27 12.73 13.4 1
1981-01-28 12.77 13.48 1
1981-01-29 12.8 13.42 1
1981-01-30 12.68 13.26 1
1981-02-02 12.86 13.51 1
1981-02-03 12.98 13.7 1
1981-02-04 12.86 13.63 1
1981-02-05 12.95 13.63 1
1981-02-06 13.09 13.89 1
1981-02-09 13.21 13.97 1
1981-02-10 13.27 14.1 1
1981-02-11 13.42 14.34 1
1981-02-13 13.65 14.45 1
1981-02-17 13.33 13.97 1
1981-02-18 13.3 13.98 1
1981-02-19 13.09 13.72 1
1981-02-20 12.9 13.55 1
1981-02-23 13.19 13.92 1
1981-02-24 13.21 14 1
1981-02-25 13.29 14 1
1981-02-26 13.47 14.1 1
1981-02-27 13.43 14.08 1
1981-03-02 13.62 14.4 1
1981-03-03 13.43 14.13 1
1981-03-04 13.45 14.21 1
1981-03-05 13.43 14.17 1
1981-03-06 13.2 13.91 1
1981-03-09 13.09 13.84 1
1981-03-10 13.08 13.74 1
1981-03-11 13.12 13.79 1
1981-03-12 13.03 13.7 1
1981-03-13 12.86 13.45 1
1981-03-16 12.85 13.3 1
1981-03-17 12.68 13.2 1
1981-03-18 12.58 12.75 1
1981-03-19 12.67 12.84 1
1981-03-20 12.77 12.88 1
1981-03-23 13.13 13.36 1
1981-03-24 13.3 13.55 1
1981-03-25 13.21 13.51 1
1981-03-26 13.34 13.62 1
1981-03-27 13.36 13.67 1
1981-03-30 13.22 13.32 1
1981-03-31 13.13 13.17 1
1981-04-01 13.14 13.19 1
1981-04-02 13.25 13.4 1
1981-04-03 13.4 13.57 1
1981-04-06 13.74 14.13 1
1981-04-07 13.41 13.7 1
1981-04-08 13.61 13.89 1
1981-04-09 13.45 13.87 1
1981-04-10 13.59 13.9 1
1981-04-13 13.68 14.05 1
1981-04-14 13.58 13.92 1
1981-04-15 13.74 14.19 1
1981-04-16 13.79 14.23 1
1981-04-20 13.69 14.33 1
1981-04-21 13.73 14.34 1
1981-04-22 13.78 14.41 1
1981-04-23 13.8 14.51 1
1981-04-24 13.88 14.66 1
1981-04-27 13.92 14.73 1
1981-04-28 13.93 14.65 1
1981-04-29 14.05 14.67 1
1981-04-30 14.11 14.84 1
1981-05-01 14.05 14.72 1
1981-05-04 14.47 15.37 1
1981-05-05 14.69 15.94 1
1981-05-06 14.56 15.83 1
1981-05-07 14.33 15.69 1
1981-05-08 14.23 15.69 1
1981-05-11 14.34 15.74 1
1981-05-12 14.46 15.93 1
1981-05-13 14.49 15.94 1
1981-05-14 14.24 15.8 1
1981-05-15 14.07 15.55 1
1981-05-18 13.8 15.19 1
1981-05-19 13.95 15.47 1
1981-05-20 14 15.63 1
1981-05-21 14.05 15.75 1
1981-05-22 13.82 15.48 1
1981-05-26 13.67 15.09 1
1981-05-27 13.71 15.14 1
1981-05-28 13.56 14.79 1
1981-05-29 13.5 14.4 1
1981-06-01 13.46 14.47 1
1981-06-02 13.58 14.66 1
1981-06-03 13.55 14.65 1
1981-06-04 13.51 14.76 1
1981-06-05 13.56 14.73 1
1981-06-08 13.36 14.31 1
1981-06-09 13.37 14.41 1
1981-06-10 13.31 14.31 1
1981-06-11 13.32 14.4 1
1981-06-12 13.35 14.44 1
1981-06-15 13.09 14.03 1
1981-06-16 13.08 14.11 1
1981-06-17 13.23 14.37 1
1981-06-18 13.57 14.66 1
1981-06-19 13.46 14.65 1
1981-06-22 13.44 14.49 1
1981-06-23 13.56 14.59 1
1981-06-24 13.66 14.71 1
1981-06-25 13.7 14.65 1
1981-06-26 13.69 14.59 1
1981-06-29 13.68 14.48 1
1981-06-30 13.86 14.66 1
1981-07-01 14.04 14.94 1
1981-07-02 13.95 14.87 1
1981-07-06 13.81 14.68 1
1981-07-07 14.04 14.92 1
1981-07-08 14.11 15.02 1
1981-07-09 14.12 15.14 1
1981-07-10 13.94 14.88 1
1981-07-13 13.99 14.83 1
1981-07-14 14.15 15.07 1
1981-07-15 14.07 15.03 1
1981-07-16 14.11 15.11 1
1981-07-17 14.09 15.07 1
1981-07-20 14.59 15.96 1
1981-07-21 14.61 16 1
1981-07-22 14.63 15.95 1
1981-07-23 14.57 15.85 1
1981-07-24 14.41 15.64 1
1981-07-27 14.43 15.57 1
1981-07-28 14.53 15.78 1
1981-07-29 14.61 15.76 1
1981-07-30 14.71 15.88 1
1981-07-31 14.67 15.84 1
1981-08-03 14.95 16.16 1
1981-08-04 14.95 16.16 1
1981-08-05 14.91 16.07 1
1981-08-06 14.86 16.03 1
1981-08-07 14.83 16.05 1
1981-08-10 14.65 15.83 1
1981-08-11 14.4 15.67 1
1981-08-12 14.61 16.02 1
1981-08-13 14.65 16.13 1
1981-08-14 14.74 16.19 1
1981-08-17 14.71 16.22 1
1981-08-18 14.79 16.3 1
1981-08-19 14.77 16.32 1
1981-08-20 14.89 16.25 1
1981-08-21 14.97 16.31 1
1981-08-24 15.32 16.86 1
1981-08-25 15.35 16.67 1
1981-08-26 15.31 16.69 1
1981-08-27 15.36 16.75 1
1981-08-28 15.25 16.57 1
1981-08-31 15.41 16.73 1
1981-09-01 15.41 16.78 1
1981-09-02 15.4 16.78 1
1981-09-03 15.48 16.9 1
1981-09-04 15.51 16.89 1
1981-09-08 15.59 16.95 1
1981-09-09 15.53 16.95 1
1981-09-10 15.3 16.72 1
1981-09-11 15.05 16.47 1
1981-09-14 15.2 16.43 1
1981-09-15 15.08 16.13 1
1981-09-16 15.11 16.09 1
1981-09-17 14.95 16.01 1
1981-09-18 14.91 16.02 1
1981-09-21 14.78 15.79 1
1981-09-22 15.03 16.04 1
1981-09-23 15.23 16.11 1
1981-09-24 15.31 16.17 1
1981-09-25 15.68 16.53 1
1981-09-28 15.65 16.57 1
1981-09-29 15.76 16.59 1
1981-09-30 15.84 16.69 1
1981-10-01 15.75 16.57 1
1981-10-02 15.41 16.34 1
1981-10-05 15.19 15.87 1
1981-10-06 15.14 15.85 1
1981-10-07 15.04 15.73 1
1981-10-08 15 15.79 1
1981-10-09 14.73 15.2 1
1981-10-13 14.83 15.25 1
1981-10-14 14.87 15.35 1
1981-10-15 14.88 15.31 1
1981-10-16 14.94 15.46 1
1981-10-19 14.95 15.48 1
1981-10-20 15.09 15.48 1
1981-10-21 15.34 15.55 1
1981-10-22 15.38 15.56 1
1981-10-23 15.3 15.41 1
1981-10-27 15.54 15.56 1
1981-10-29 15.06 15.07 1
1981-11-05 14.19 14.2 1
1981-12-28 14.01 14.02 1
1982-01-14 14.7 14.71 1
1982-01-18 14.75 14.83 1
1982-01-20 14.81 15.02 1
1982-01-21 14.62 14.96 1
1982-01-22 14.69 15.06 1
1982-01-25 14.62 14.93 1
1982-01-26 14.54 14.7 1
1982-01-27 14.51 14.57 1
1982-01-28 14.29 14.33 1
1982-01-29 14.14 14.24 1
1982-02-01 14.58 15.04 1
1982-02-02 14.47 14.85 1
1982-02-03 14.69 14.93 1
1982-02-04 14.76 14.96 1
1982-02-05 14.65 14.89 1
1982-02-08 14.88 15.09 1
1982-02-09 14.95 15.15 1
1982-02-10 14.81 15.08 1
1982-02-11 14.71 15.07 1
1982-02-16 14.53 15.04 1
1982-02-17 14.5 15.18 1
1982-02-18 14.28 14.99 1
1982-02-19 14.24 14.94 1
1982-02-22 13.87 14.35 1
1982-02-23 13.93 14.33 1
1982-02-24 13.87 14.24 1
1982-02-25 13.91 14.25 1
1982-02-26 14.03 14.44 1
1982-03-01 13.85 14.25 1
1982-03-02 13.74 14.14 1
1982-03-03 13.69 14.09 1
1982-03-04 13.61 13.9 1
1982-03-05 13.59 13.79 1
1982-03-08 13.67 13.71 1
1982-03-09 13.69 13.93 1
1982-03-10 13.73 13.97 1
1982-03-11 13.95 14.25 1
1982-03-12 13.97 14.35 1
1982-03-15 13.96 14.43 1
1982-03-16 13.91 14.35 1
1982-03-17 13.88 14.15 1
1982-03-18 13.87 14.24 1
1982-03-19 13.89 14.35 1
1982-03-22 13.74 14.09 1
1982-03-23 13.72 14.07 1
1982-03-24 13.91 14.14 1
1982-03-25 13.9 14.24 1
1982-03-26 14.01 14.35 1
1982-03-29 14.16 14.53 1
1982-03-30 14.19 14.63 1
1982-03-31 14.18 14.52 1
1982-04-01 14.1 14.42 1
1982-04-02 14.1 14.44 1
1982-04-05 14.16 14.37 1
1982-04-06 14.18 14.42 1
1982-04-07 14.18 14.54 1
1982-04-08 13.98 14.28 1
1982-04-12 13.83 14.22 1
1982-04-13 13.83 14.17 1
1982-04-14 13.95 14.35 1
1982-04-15 13.91 14.39 1
1982-04-16 13.71 14.24 1
1982-04-19 13.66 14.18 1
1982-04-20 13.72 14.14 1
1982-04-21 13.69 14.04 1
1982-04-22 13.71 14.06 1
1982-04-23 13.69 14.02 1
1982-04-26 13.7 14.02 1
1982-04-27 13.7 13.95 1
1982-04-28 13.77 13.99 1
1982-04-29 13.87 14.02 1
1982-04-30 13.87 13.99 1
1982-05-03 13.95 14.13 1
1982-05-04 13.87 14.17 1
1982-05-05 13.8 14.04 1
1982-05-06 13.54 13.78 1
1982-05-07 13.48 13.67 1
1982-05-10 13.49 13.71 1
1982-05-11 13.46 13.73 1
1982-05-12 13.59 13.8 1
1982-05-13 13.62 13.95 1
1982-05-14 13.48 13.86 1
1982-05-17 13.57 13.85 1
1982-05-18 13.6 13.85 1
1982-05-19 13.64 13.78 1
1982-05-21 13.52 13.57 1
1982-05-24 13.58 13.62 1
1982-05-25 13.62 13.68 1
1982-06-02 13.86 13.95 1
1982-06-04 13.98 14.03 1
1982-06-07 13.94 13.97 1
1982-06-08 13.98 14.04 1
1982-06-09 13.99 14.11 1
1982-06-10 14.02 14.12 1
1982-06-11 13.93 14.08 1
1982-06-14 14.21 14.37 1
1982-06-15 14.21 14.41 1
1982-06-16 14.26 14.45 1
1982-06-17 14.48 14.79 1
1982-06-18 14.62 14.96 1
1982-06-21 14.63 14.92 1
1982-06-22 14.66 14.9 1
1982-06-23 14.74 14.97 1
1982-06-24 14.71 14.95 1
1982-06-25 14.76 14.98 1
1982-06-28 14.73 14.93 1
1982-06-29 14.61 14.83 1
1982-06-30 14.44 14.66 1
1982-07-01 14.4 14.6 1
1982-07-02 14.5 14.71 1
1982-07-06 14.48 14.72 1
1982-07-07 14.49 14.68 1
1982-07-08 14.19 14.26 1
1982-07-09 14.03 14.05 1
1982-07-13 14.02 14.13 1
1982-07-14 14.1 14.23 1
1982-07-15 13.96 14.07 1
1982-07-16 13.7 13.71 1
1988-12-13 9.15 9.16 1
1988-12-14 9.19 9.2 1
1988-12-15 9.19 9.2 1
1988-12-16 9.17 9.18 1
1988-12-19 9.15 9.18 1
1988-12-20 9.08 9.11 1
1988-12-21 9.07 9.09 1
1988-12-27 9.13 9.15 1
1988-12-28 9.21 9.23 1
1989-01-04 9.22 9.25 1
1989-01-05 9.27 9.32 1
1989-01-06 9.25 9.32 1
1989-01-09 9.23 9.29 1
1989-01-10 9.24 9.25 1
1989-01-11 9.24 9.29 1
1989-01-12 9.14 9.2 1
1989-01-13 9.06 9.14 1
1989-01-17 9.06 9.16 1
1989-01-18 8.99 9.13 1
1989-01-19 9 9.09 1
1989-01-20 9.03 9.13 1
1989-01-23 9 9.13 1
1989-01-24 8.93 9.07 1
1989-01-25 8.99 9.1 1
1989-01-26 8.99 9.14 1
1989-01-27 8.95 9.07 1
1989-01-30 9 9.1 1
1989-01-31 9.01 9.12 1
1989-02-01 8.99 9.12 1
1989-02-02 8.98 9.12 1
1989-02-03 9.01 9.23 1
1989-02-06 9.01 9.25 1
1989-02-07 8.96 9.19 1
1989-02-08 8.95 9.21 1
1989-02-09 9.13 9.28 1
1989-02-10 9.19 9.37 1
1989-02-13 9.2 9.39 1
1989-02-14 9.23 9.43 1
1989-02-15 9.22 9.41 1
1989-02-16 9.21 9.37 1
1989-02-17 9.2 9.37 1
1989-02-21 9.22 9.41 1
1989-02-22 9.29 9.48 1
1989-02-23 9.36 9.6 1
1989-02-24 9.38 9.66 1
1989-02-27 9.36 9.62 1
1989-02-28 9.32 9.55 1
1989-03-01 9.36 9.55 1
1989-03-02 9.31 9.52 1
1989-03-03 9.31 9.5 1
1989-03-06 9.26 9.46 1
1989-03-07 9.26 9.48 1
1989-03-08 9.23 9.48 1
1989-03-09 9.24 9.48 1
1989-03-10 9.34 9.66 1
1989-03-13 9.35 9.64 1
1989-03-14 9.32 9.64 1
1989-03-15 9.31 9.62 1
1989-03-16 9.3 9.61 1
1989-03-17 9.49 9.84 1
1989-03-20 9.53 9.9 1
1989-03-21 9.53 9.92 1
1989-03-22 9.45 9.81 1
1989-03-23 9.43 9.81 1
1989-03-27 9.44 9.85 1
1989-03-28 9.41 9.86 1
1989-03-29 9.36 9.8 1
1989-03-30 9.34 9.79 1
1989-03-31 9.3 9.73 1
1989-04-03 9.21 9.56 1
1989-04-04 9.17 9.47 1
1989-04-05 9.17 9.45 1
1989-04-06 9.2 9.54 1
1989-04-07 9.27 9.57 1
1989-04-10 9.27 9.57 1
1989-04-11 9.27 9.57 1
1989-04-12 9.29 9.59 1
1989-04-13 9.34 9.66 1
1989-04-14 9.18 9.43 1
1989-04-17 9.2 9.48 1
1989-04-18 9.06 9.28 1
1989-04-19 9.08 9.3 1
1989-04-20 9.2 9.46 1
1989-04-21 9.15 9.44 1
1989-04-24 9.15 9.46 1
1989-04-25 9.12 9.41 1
1989-04-26 9.11 9.34 1
1989-04-27 9.05 9.23 1
1989-04-28 9.02 9.22 1
1989-05-01 9.14 9.36 1
1989-05-02 9.08 9.27 1
1989-05-03 9.06 9.21 1
1989-05-04 9.06 9.21 1
1989-05-05 8.99 9.04 1
1989-05-08 9.04 9.09 1
1989-05-09 9.15 9.23 1
1989-05-10 9.16 9.27 1
1989-05-11 9.1 9.14 1
1989-05-12 8.81 8.82 1
1989-05-15 8.82 8.91 1
1989-05-16 8.82 8.95 1
1989-05-17 8.8 8.96 1
1989-05-18 8.78 9 1
1989-05-19 8.71 8.94 1
1989-05-22 8.58 8.84 1
1989-05-23 8.6 8.83 1
1989-05-24 8.63 8.82 1
1989-05-25 8.67 8.92 1
1989-05-26 8.66 8.89 1
1989-05-30 8.64 8.87 1
1989-05-31 8.6 8.82 1
1989-06-01 8.61 8.82 1
1989-06-02 8.43 8.52 1
1989-06-05 8.36 8.44 1
1989-06-06 8.36 8.45 1
1989-06-07 8.27 8.38 1
1989-06-08 8.27 8.33 1
1989-06-09 8.15 8.28 1
1989-06-12 8.16 8.29 1
1989-06-13 8.25 8.41 1
1989-06-14 8.2 8.36 1
1989-06-15 8.33 8.48 1
1989-06-16 8.35 8.53 1
1989-06-19 8.37 8.55 1
1989-06-20 8.31 8.5 1
1989-06-21 8.37 8.53 1
1989-06-22 8.38 8.55 1
1989-06-23 8.25 8.39 1
1989-06-26 8.18 8.35 1
1989-06-27 8.11 8.27 1
1989-06-28 8.17 8.27 1
1989-06-29 8.12 8.16 1
1989-08-11 8.09 8.12 1
1989-08-14 8.24 8.31 1
1989-08-15 8.21 8.29 1
1989-08-16 8.12 8.17 1
1989-08-17 8.18 8.26 1
1989-08-18 8.15 8.26 1
1989-08-21 8.2 8.32 1
1989-08-22 8.29 8.43 1
1989-08-23 8.25 8.37 1
1989-08-24 8.2 8.32 1
1989-08-25 8.21 8.34 1
1989-08-28 8.27 8.41 1
1989-08-29 8.27 8.44 1
1989-08-30 8.25 8.41 1
1989-08-31 8.26 8.42 1
1989-09-01 8.19 8.37 1
1989-09-05 8.19 8.37 1
1989-09-06 8.17 8.35 1
1989-09-07 8.17 8.35 1
1989-09-08 8.14 8.27 1
1989-09-11 8.13 8.2 1
1989-09-12 8.13 8.18 1
1989-09-13 8.18 8.2 1
1989-09-18 8.1 8.13 1
1989-09-19 8.09 8.14 1
1989-09-20 8.15 8.27 1
1989-09-21 8.2 8.32 1
1989-09-22 8.22 8.34 1
1989-09-25 8.32 8.43 1
1989-09-26 8.3 8.36 1
1989-09-27 8.3 8.39 1
1989-09-28 8.3 8.41 1
1989-09-29 8.31 8.46 1
1989-10-02 8.28 8.48 1
1989-10-03 8.23 8.39 1
1989-10-04 8.22 8.37 1
1989-10-05 8.15 8.31 1
1989-10-06 8.03 8.1 1
1989-10-10 8.03 8.06 1
1989-10-11 8.07 8.08 1
1989-11-03 7.96 8.01 1
1989-11-06 8 8.04 1
1990-03-08 8.57 8.59 1
1990-03-09 8.65 8.73 1
1990-03-12 8.63 8.71 1
1990-03-13 8.73 8.77 1
1990-03-14 8.65 8.69 1
1990-03-15 8.66 8.71 1
1990-03-16 8.59 8.64 1
1990-03-19 8.59 8.68 1
1990-03-20 8.54 8.68 1
1990-03-21 8.55 8.69 1
1990-03-22 8.53 8.62 1
1990-03-23 8.52 8.61 1
1990-03-26 8.51 8.61 1
1990-03-27 8.52 8.59 1
1990-03-28 8.51 8.57 1
1990-03-29 8.6 8.62 1
1998-05-26 5.59 5.61 1
1998-06-09 5.59 5.6 1
1998-06-10 5.51 5.55 1
1998-06-11 5.44 5.45 1
1998-06-15 5.38 5.43 1
1998-06-16 5.45 5.5 1
1998-06-17 5.54 5.55 1
1998-06-18 5.5 5.53 1
1998-06-19 5.47 5.52 1
1998-06-22 5.46 5.52 1
1998-06-23 5.45 5.49 1
1998-06-24 5.46 5.49 1
1998-06-25 5.46 5.53 1
1998-06-26 5.46 5.51 1
1998-06-29 5.47 5.51 1
1998-06-30 5.44 5.49 1
1998-07-01 5.44 5.46 1
1998-07-02 5.42 5.44 1
1998-07-06 5.39 5.43 1
1998-07-07 5.42 5.44 1
1998-07-08 5.43 5.44 1
1998-07-09 5.41 5.43 1
1998-07-21 5.45 5.46 1
1998-07-22 5.46 5.48 1
1998-07-23 5.45 5.46 1
1998-07-24 5.45 5.48 1
1998-07-27 5.47 5.48 1
2000-02-02 6.6 6.63 1
2000-02-03 6.49 6.56 1
2000-02-04 6.53 6.63 1
2000-02-07 6.64 6.68 1
2000-02-08 6.59 6.69 1
2000-02-09 6.56 6.69 1
2000-02-11 6.63 6.65 1
2000-02-14 6.56 6.62 1
2000-02-15 6.56 6.66 1
2000-02-16 6.56 6.63 1
2000-02-17 6.58 6.69 1
2000-02-18 6.49 6.66 1
2000-02-22 6.36 6.57 1
2000-02-23 6.44 6.61 1
2000-02-24 6.36 6.52 1
2000-02-25 6.36 6.45 1
2000-02-28 6.37 6.47 1
2000-02-29 6.42 6.53 1
2000-03-01 6.39 6.52 1
2000-03-02 6.4 6.52 1
2000-03-03 6.39 6.5 1
2000-03-06 6.42 6.55 1
2000-03-07 6.39 6.48 1
2000-03-08 6.38 6.5 1
2000-03-09 6.35 6.48 1
2000-03-10 6.39 6.55 1
2000-03-13 6.36 6.52 1
2000-03-14 6.31 6.48 1
2000-03-15 6.29 6.5 1
2000-03-16 6.26 6.5 1
2000-03-17 6.2 6.5 1
2000-03-20 6.18 6.52 1
2000-03-21 6.13 6.5 1
2000-03-22 6.13 6.5 1
2000-03-23 6.08 6.52 1
2000-03-24 6.2 6.64 1
2000-03-27 6.21 6.66 1
2000-03-28 6.17 6.6 1
2000-03-29 6.18 6.59 1
2000-03-30 6.06 6.52 1
2000-03-31 6.03 6.5 1
2000-04-03 6 6.45 1
2000-04-04 5.9 6.35 1
2000-04-05 5.9 6.35 1
2000-04-06 5.93 6.38 1
2000-04-07 5.86 6.38 1
2000-04-10 5.8 6.31 1
2000-04-11 5.89 6.36 1
2000-04-12 5.97 6.4 1
2000-04-13 5.94 6.4 1
2000-04-14 5.85 6.27 1
2000-04-17 6.01 6.33 1
2000-04-18 6.05 6.33 1
2000-04-19 5.99 6.33 1
2000-04-20 5.99 6.38 1
2000-04-24 6 6.36 1
2000-04-25 6.14 6.48 1
2000-04-26 6.14 6.5 1
2000-04-27 6.23 6.63 1
2000-04-28 6.23 6.68 1
2000-05-01 6.29 6.73 1
2000-05-02 6.32 6.72 1
2000-05-03 6.4 6.73 1
2000-05-04 6.46 6.77 1
2000-05-05 6.51 6.84 1
2000-05-08 6.57 6.87 1
2000-05-09 6.53 6.86 1
2000-05-10 6.47 6.84 1
2000-05-11 6.43 6.82 1
2000-05-12 6.51 6.91 1
2000-05-15 6.47 6.88 1
2000-05-16 6.43 6.89 1
2000-05-17 6.48 6.9 1
2000-05-18 6.56 6.93 1
2000-05-19 6.51 6.86 1
2000-05-22 6.44 6.81 1
2000-05-23 6.45 6.83 1
2000-05-24 6.47 6.79 1
2000-05-25 6.39 6.71 1
2000-05-26 6.33 6.69 1
2000-05-30 6.38 6.74 1
2000-05-31 6.29 6.69 1
2000-06-01 6.2 6.61 1
2000-06-02 6.15 6.52 1
2000-06-05 6.12 6.49 1
2000-06-06 6.14 6.51 1
2000-06-07 6.13 6.52 1
2000-06-08 6.13 6.56 1
2000-06-09 6.13 6.56 1
2000-06-12 6.09 6.52 1
2000-06-13 6.11 6.49 1
2000-06-14 6.06 6.44 1
2000-06-15 6.05 6.44 1
2000-06-16 5.99 6.38 1
2000-06-19 6 6.4 1
2000-06-20 6.03 6.43 1
2000-06-21 6.11 6.5 1
2000-06-22 6.12 6.5 1
2000-06-23 6.19 6.55 1
2000-06-26 6.11 6.5 1
2000-06-27 6.1 6.5 1
2000-06-28 6.11 6.43 1
2000-06-29 6.04 6.37 1
2000-06-30 6.03 6.38 1
2000-07-03 6 6.31 1
2000-07-05 5.99 6.29 1
2000-07-06 6.05 6.34 1
2000-07-07 6.01 6.29 1
2000-07-10 6.04 6.31 1
2000-07-11 6.06 6.32 1
2000-07-12 6.09 6.34 1
2000-07-13 6.01 6.31 1
2000-07-14 6.1 6.41 1
2000-07-17 6.17 6.46 1
2000-07-18 6.16 6.44 1
2000-07-19 6.16 6.46 1
2000-07-20 6.01 6.32 1
2000-07-21 6.01 6.32 1
2000-07-24 6.04 6.35 1
2000-07-25 6.04 6.35 1
2000-07-26 6.04 6.29 1
2000-07-27 6.02 6.27 1
2000-07-28 6.04 6.3 1
2000-07-31 6.04 6.3 1
2000-08-01 6 6.27 1
2000-08-02 5.98 6.23 1
2000-08-03 5.95 6.22 1
2000-08-04 5.91 6.15 1
2000-08-07 5.97 6.2 1
2000-08-08 5.93 6.16 1
2000-08-09 5.81 6.18 1
2000-08-10 5.76 6.16 1
2000-08-11 5.79 6.25 1
2000-08-14 5.78 6.25 1
2000-08-15 5.81 6.28 1
2000-08-16 5.83 6.3 1
2000-08-17 5.81 6.3 1
2000-08-18 5.78 6.27 1
2000-08-21 5.79 6.28 1
2000-08-22 5.78 6.27 1
2000-08-23 5.73 6.2 1
2000-08-24 5.73 6.19 1
2000-08-25 5.73 6.19 1
2000-08-28 5.78 6.23 1
2000-08-29 5.81 6.26 1
2000-08-30 5.81 6.24 1
2000-08-31 5.73 6.18 1
2000-09-01 5.68 6.09 1
2000-09-05 5.69 6.09 1
2000-09-06 5.72 6.11 1
2000-09-07 5.76 6.14 1
2000-09-08 5.73 6.11 1
2000-09-11 5.77 6.12 1
2000-09-12 5.78 6.12 1
2000-09-13 5.74 6.09 1
2000-09-14 5.79 6.11 1
2000-09-15 5.84 6.07 1
2000-09-18 5.88 6.04 1
2000-09-19 5.86 6.05 1
2000-09-20 5.91 6.11 1
2000-09-21 5.88 6.11 1
2000-09-22 5.85 6.09 1
2000-09-25 5.84 6.11 1
2000-09-26 5.81 6.07 1
2000-09-27 5.83 6 1
2000-09-28 5.82 6.02 1
2000-09-29 5.8 5.98 1
2000-10-02 5.83 5.98 1
2000-10-03 5.87 6 1
2000-10-04 5.9 6.03 1
2000-10-05 5.87 6.02 1
2000-10-06 5.82 5.98 1
2000-10-10 5.8 5.98 1
2000-10-11 5.77 5.93 1
2000-10-12 5.73 5.86 1
2000-10-13 5.73 5.84 1
2000-10-16 5.74 5.89 1
2000-10-17 5.68 5.83 1
2000-10-18 5.66 5.82 1
2000-10-19 5.66 5.86 1
2000-10-20 5.64 5.84 1
2000-10-23 5.59 5.82 1
2000-10-24 5.63 5.86 1
2000-10-25 5.67 5.87 1
2000-10-26 5.69 5.9 1
2000-10-27 5.72 5.94 1
2000-10-30 5.74 5.97 1
2000-10-31 5.77 5.94 1
2000-11-01 5.74 5.88 1
2000-11-02 5.74 5.87 1
2000-11-03 5.83 5.94 1
2000-11-06 5.87 5.99 1
2000-11-07 5.87 5.99 1
2000-11-08 5.87 5.99 1
2000-11-09 5.82 5.94 1
2000-11-10 5.82 5.92 1
2000-11-13 5.77 5.9 1
2000-11-14 5.76 5.92 1
2000-11-15 5.72 5.9 1
2000-11-16 5.68 5.87 1
2000-11-17 5.71 5.88 1
2000-11-20 5.68 5.87 1
2000-11-21 5.67 5.86 1
2000-11-22 5.62 5.85 1
2000-11-24 5.63 5.86 1
2000-11-27 5.64 5.86 1
2000-11-28 5.59 5.79 1
2000-11-29 5.55 5.69 1
2000-11-30 5.48 5.61 1
2000-12-01 5.52 5.62 1
2000-12-04 5.53 5.59 1
2000-12-05 5.43 5.49 1
2000-12-06 5.32 5.42 1
2000-12-07 5.32 5.45 1
2000-12-08 5.35 5.5 1
2000-12-11 5.37 5.52 1
2000-12-12 5.36 5.54 1
2000-12-13 5.29 5.45 1
2000-12-14 5.23 5.43 1
2000-12-15 5.2 5.38 1
2000-12-18 5.17 5.33 1
2000-12-19 5.19 5.35 1
2000-12-20 5.08 5.24 1
2000-12-21 5.03 5.14 1
2000-12-22 5.02 5.1 1
2000-12-26 5.04 5.1 1
2000-12-28 5.13 5.18 1
2005-12-27 4.34 4.35 1
2005-12-29 4.37 4.38 1
2005-12-30 4.39 4.41 1
2006-01-31 4.53 4.54 1
2006-02-01 4.57 4.59 1
2006-02-02 4.57 4.59 1
2006-02-03 4.54 4.59 1
2006-02-06 4.55 4.62 1
2006-02-07 4.57 4.61 1
2006-02-08 4.56 4.64 1
2006-02-09 4.54 4.66 1
2006-02-10 4.59 4.69 1
2006-02-13 4.58 4.68 1
2006-02-14 4.62 4.69 1
2006-02-15 4.61 4.71 1
2006-02-16 4.59 4.69 1
2006-02-17 4.54 4.66 1
2006-02-21 4.57 4.71 1
2006-02-22 4.53 4.68 1
2006-02-23 4.56 4.72 1
2006-02-24 4.58 4.74 1
2006-02-27 4.59 4.74 1
2006-02-28 4.55 4.69 1
2006-03-01 4.59 4.71 1
2006-03-02 4.64 4.72 1
2006-03-03 4.68 4.76 1
2006-03-06 4.74 4.77 1
2006-03-07 4.74 4.77 1
2006-03-21 4.71 4.72 1
2006-03-22 4.7 4.74 1
2006-03-23 4.73 4.77 1
2006-03-24 4.67 4.72 1
2006-03-27 4.7 4.72 1
2006-03-28 4.79 4.81 1
2006-03-29 4.81 4.82 1
2006-06-08 5 5.01 1
2006-06-09 4.98 5.01 1
2006-06-12 4.99 5.02 1
2006-06-13 4.97 5.02 1
2006-06-14 5.05 5.11 1
2006-06-15 5.1 5.14 1
2006-06-16 5.13 5.16 1
2006-06-19 5.14 5.19 1
2006-06-20 5.15 5.19 1
2006-06-21 5.16 5.2 1
2006-06-22 5.2 5.23 1
2006-06-23 5.23 5.27 1
2006-06-26 5.25 5.27 1
2006-06-27 5.21 5.24 1
2006-06-28 5.25 5.29 1
2006-06-30 5.15 5.16 1
2006-07-03 5.15 5.17 1
2006-07-05 5.23 5.24 1
2006-07-06 5.19 5.22 1
2006-07-07 5.14 5.17 1
2006-07-10 5.13 5.17 1
2006-07-11 5.1 5.17 1
2006-07-12 5.1 5.17 1
2006-07-13 5.08 5.12 1
2006-07-14 5.07 5.08 1
2006-07-17 5.07 5.12 1
2006-07-18 5.13 5.19 1
2006-07-19 5.06 5.12 1
2006-07-20 5.03 5.06 1
2006-07-21 5.05 5.08 1
2006-07-24 5.05 5.1 1
2006-07-25 5.07 5.11 1
2006-07-26 5.04 5.06 1
2006-08-02 4.96 4.97 1
2006-08-03 4.96 4.98 1
2006-08-07 4.93 4.96 1
2006-08-14 5 5.01 1
2006-08-15 4.93 4.94 1
2006-08-17 4.87 4.89 1
2006-08-18 4.84 4.87 1
2006-08-21 4.82 4.85 1
2006-08-22 4.82 4.87 1
2006-08-23 4.82 4.87 1
2006-08-24 4.81 4.88 1
2006-08-25 4.79 4.86 1
2006-08-28 4.8 4.88 1
2006-08-29 4.79 4.87 1
2006-08-30 4.76 4.83 1
2006-08-31 4.74 4.79 1
2006-09-01 4.73 4.77 1
2006-09-05 4.78 4.8 1
2006-09-06 4.8 4.82 1
2006-09-07 4.8 4.82 1
2006-09-08 4.78 4.8 1
2006-09-11 4.8 4.83 1
2006-09-12 4.78 4.82 1
2006-09-13 4.77 4.8 1
2006-09-14 4.79 4.83 1
2006-09-15 4.8 4.87 1
2006-09-18 4.81 4.88 1
2006-09-19 4.74 4.79 1
2006-09-20 4.73 4.81 1
2006-09-21 4.65 4.71 1
2006-09-22 4.6 4.67 1
2006-09-25 4.56 4.63 1
2006-09-26 4.59 4.68 1
2006-09-27 4.6 4.66 1
2006-09-28 4.63 4.68 1
2006-09-29 4.64 4.71 1
2006-10-02 4.62 4.66 1
2006-10-03 4.62 4.67 1
2006-10-04 4.57 4.6 1
2006-10-05 4.61 4.65 1
2006-10-06 4.7 4.74 1
2006-10-10 4.75 4.82 1
2006-10-11 4.78 4.85 1
2006-10-12 4.79 4.85 1
2006-10-13 4.81 4.87 1
2006-10-16 4.79 4.85 1
2006-10-17 4.78 4.83 1
2006-10-18 4.77 4.85 1
2006-10-19 4.79 4.85 1
2006-10-20 4.79 4.87 1
2006-10-23 4.83 4.9 1
2006-10-24 4.83 4.91 1
2006-10-25 4.78 4.88 1
2006-10-26 4.73 4.81 1
2006-10-27 4.68 4.76 1
2006-10-30 4.68 4.78 1
2006-10-31 4.61 4.71 1
2006-11-01 4.57 4.66 1
2006-11-02 4.6 4.67 1
2006-11-03 4.72 4.82 1
2006-11-06 4.71 4.82 1
2006-11-07 4.66 4.77 1
2006-11-08 4.64 4.75 1
2006-11-09 4.62 4.75 1
2006-11-10 4.59 4.73 1
2006-11-13 4.61 4.76 1
2006-11-14 4.57 4.74 1
2006-11-15 4.61 4.8 1
2006-11-16 4.66 4.85 1
2006-11-17 4.61 4.76 1
2006-11-20 4.6 4.76 1
2006-11-21 4.58 4.75 1
2006-11-22 4.57 4.74 1
2006-11-24 4.55 4.73 1
2006-11-27 4.54 4.71 1
2006-11-28 4.51 4.67 1
2006-11-29 4.52 4.69 1
2006-11-30 4.46 4.62 1
2006-12-01 4.43 4.52 1
2006-12-04 4.43 4.52 1
2006-12-05 4.45 4.52 1
2006-12-06 4.48 4.59 1
2006-12-07 4.49 4.58 1
2006-12-08 4.56 4.68 1
2006-12-11 4.52 4.67 1
2006-12-12 4.49 4.61 1
2006-12-13 4.58 4.7 1
2006-12-14 4.6 4.73 1
2006-12-15 4.6 4.73 1
2006-12-18 4.6 4.71 1
2006-12-19 4.6 4.71 1
2006-12-20 4.6 4.71 1
2006-12-21 4.55 4.66 1
2006-12-22 4.63 4.71 1
2006-12-26 4.61 4.71 1
2006-12-27 4.66 4.77 1
2006-12-28 4.7 4.82 1
2006-12-29 4.71 4.82 1
2007-01-02 4.68 4.8 1
2007-01-03 4.67 4.76 1
2007-01-04 4.62 4.71 1
2007-01-05 4.65 4.76 1
2007-01-08 4.66 4.78 1
2007-01-09 4.66 4.79 1
2007-01-10 4.69 4.81 1
2007-01-11 4.74 4.86 1
2007-01-12 4.77 4.88 1
2007-01-16 4.75 4.86 1
2007-01-17 4.79 4.91 1
2007-01-18 4.75 4.89 1
2007-01-19 4.78 4.93 1
2007-01-22 4.76 4.91 1
2007-01-23 4.81 4.94 1
2007-01-24 4.81 4.93 1
2007-01-25 4.87 4.98 1
2007-01-26 4.88 4.99 1
2007-01-29 4.9 4.99 1
2007-01-30 4.88 4.98 1
2007-01-31 4.83 4.94 1
2007-02-01 4.84 4.96 1
2007-02-02 4.83 4.94 1
2007-02-05 4.81 4.92 1
2007-02-06 4.77 4.9 1
2007-02-07 4.74 4.87 1
2007-02-08 4.73 4.87 1
2007-02-09 4.79 4.92 1
2007-02-12 4.8 4.94 1
2007-02-13 4.82 4.95 1
2007-02-14 4.74 4.87 1
2007-02-15 4.7 4.83 1
2007-02-16 4.69 4.83 1
2007-02-20 4.68 4.81 1
2007-02-21 4.69 4.82 1
2007-02-22 4.73 4.87 1
2007-02-23 4.68 4.82 1
2007-02-26 4.63 4.77 1
2007-02-27 4.5 4.59 1
2007-02-28 4.56 4.65 1
2007-03-01 4.56 4.63 1
2007-03-02 4.52 4.56 1
2007-03-05 4.51 4.53 1
2007-03-06 4.53 4.58 1
2007-03-07 4.5 4.54 1
2007-03-08 4.51 4.56 1
2007-03-09 4.59 4.66 1
2007-03-12 4.56 4.62 1
2007-03-13 4.5 4.52 1
2007-03-14 4.53 4.54 1
2007-03-15 4.54 4.57 1
2007-03-16 4.55 4.58 1
2007-03-19 4.58 4.61 1
2007-03-20 4.56 4.6 1
2007-05-03 4.68 4.71 1
2007-05-04 4.65 4.68 1
2007-05-07 4.64 4.68 1
2007-05-08 4.63 4.68 1
2007-05-09 4.67 4.73 1
2007-05-10 4.65 4.7 1
2007-05-11 4.67 4.71 1
2007-05-14 4.69 4.73 1
2007-05-15 4.71 4.75 1
2007-05-16 4.71 4.73 1
2007-05-17 4.76 4.78 1
2007-05-18 4.81 4.82 1
2007-05-21 4.79 4.81 1
2007-05-30 4.88 4.89 1
2007-05-31 4.9 4.92 1
2007-06-01 4.95 4.97 1
2007-06-04 4.93 4.97 1
2007-06-05 4.98 4.99 1
