1121.50
1123.25
1130.00
1130.25
1126.75
1153.00
1151.25
1127.25
1138.25
1128.00
1134.50
1133.00
1120.25
1108.25
1084.00
1095.25
1093.25
1094.75
1088.00
1078.50
1086.50
1111.00
1115.25
1083.25
1058.00
1064.00
1071.25
1069.50
1076.25
1082.00
1098.25
1115.25
1119.00
1118.00
1112.75
1115.25
1107.00
1103.00
1094.50
1108.25
1114.00
1126.50
1136.50
1134.50
1135.00
1125.75
1115.75
1120.50
1104.00
1106.25
1104.25
1124.75
1121.75
1122.75
1105.50
1097.75
1101.50
1090.75
1093.00
1096.50
1107.50
1107.00
1115.50
1123.50
1132.75
1142.00
1148.00
1152.50
1158.75
1148.25
1153.75
1154.50
1151.50
1136.25
1144.75
1143.00
1133.75
1139.50
1154.50
1149.50
1161.00
1166.75
1179.25
1185.00
1165.00
1185.25
1202.25
1196.50
1222.50
1237.50
1237.50
1236.50
1236.00
1216.75
1195.00
1192.00
1179.75
1187.00
1198.25
1212.00
1211.00
1207.50
1227.75
1215.00
1215.00
1203.50
1215.00
1246.00
1233.50
1217.50
1220.00
1223.75
1225.00
1234.50
1245.00
1256.00
1254.50
1236.00
1226.50
1236.25
1254.00
1261.00
1234.50
1244.00
1234.00
1201.50
1208.00
1195.00
1193.25
1193.50
1208.75
1205.50
1216.00
1207.00
1208.00
1189.25
1181.00
1183.00
1191.50
1199.50
1190.50
1183.50
1168.00
1157.00
1162.50
1169.00
1188.50
1187.50
1199.50
1192.50
1207.75
1203.00
1192.50
1205.50
1213.00
1214.25
1223.50
1226.00
1218.00
1233.50
1223.50
1226.00
1222.00
1237.50
1237.00
1235.00
1246.00
1246.50
1248.50
1240.50
1249.00
1256.75
1255.00
1255.00
1246.50
1243.75
1265.50
1267.00
1272.50
1274.00
1279.25
1275.00
1293.50
1290.75
1297.00
1297.00
1294.00
1307.50
1307.00
1316.25
1313.50
1330.50
1346.50
1345.00
1341.50
1351.50
1348.50
1365.50
1373.25
1367.50
1367.25
1339.00
1339.00
1343.50
1322.50
1337.50
1329.50
1324.50
1333.50
1346.75
1354.50
1351.00
1345.50
1381.00
1395.50
1388.50
1421.00
1390.50
1398.50
1388.50
1368.50
1349.00
1337.50
1350.25
1342.50
1356.50
1377.50
1372.50
1373.25
1355.00
1357.00
1383.50
1385.50
1389.00
1403.50
1415.25
1420.00
1385.50
1391.25
1375.25
1399.00
1394.50
1388.75
1363.00
1368.50
1380.00
1383.00
1387.00
1373.50
1412.50
1405.50
