1388.50
1368.00
1368.50
1367.00
1368.25
1374.00
1378.75
1381.50
1367.00
1360.50
1369.50
1372.00
1345.50
1343.50
1343.00
1324.00
1328.00
1334.50
1319.00
1327.00
1331.50
1337.00
1328.00
1355.00
1347.50
1363.50
1365.00
1353.25
1364.00
1365.00
1372.75
1371.25
1379.00
1383.50
1403.00
1401.00
1409.25
1411.50
1402.50
1411.00
1420.75
1435.50
1421.50
1427.00
1437.50
1426.25
1431.00
1413.25
1411.50
1422.25
1400.50
1402.00
1403.75
1420.00
1432.00
1426.00
1439.50
1447.00
1436.00
1417.00
1417.50
1425.50
1439.00
1435.50
1433.50
1461.50
1459.50
1469.50
1468.00
1450.50
1457.50
1465.75
1476.75
1493.00
1490.50
1501.00
1504.00
1497.50
1511.00
1535.50
1540.25
1541.00
1511.00
1486.50
1502.00
1513.50
1508.00
1489.50
1505.75
1500.75
1478.50
1496.50
1493.00
1490.75
1510.50
1527.00
1526.25
1518.50
1533.00
1536.50
1533.75
1539.50
1540.00
1549.00
1545.00
1537.75
1537.75
1529.25
1526.25
1516.00
1529.75
1523.25
1537.50
1544.00
1544.75
1552.50
1523.00
1514.75
1498.00
1499.00
1504.25
1505.50
1483.00
1495.00
1510.00
1527.25
1527.50
1541.50
1555.50
1550.50
1579.00
1590.50
1587.00
1599.00
1601.00
1586.00
1601.00
1602.00
1613.50
1612.75
1625.00
1613.50
1628.50
1623.00
1637.75
1669.25
1679.50
1658.75
1693.00
1736.00
1772.00
1760.00
1736.00
1739.00
1782.50
1790.00
1824.00
1848.00
1877.50
1876.00
1770.00
1729.00
1788.00
1825.00
1813.50
1821.00
1875.25
1895.00
1895.00
1810.00
1855.00
1851.00
1834.00
1820.00
1818.50
1782.00
1794.00
1794.00
1799.00
1793.00
1722.00
1689.00
1598.00
1659.00
1643.00
1613.00
1620.00
1655.50
1638.00
1617.00
1635.00
1652.00
1661.00
1663.00
1682.00
1656.00
1678.00
1682.00
1631.00
1652.50
1620.00
1642.50
1652.00
1656.00
1715.00
1718.00
1741.00
1722.00
1699.00
1743.00
1758.00
1749.00
1782.00
1795.00
1784.00
1756.00
1773.00
1776.00
1785.00
1756.00
1742.50
1719.00
1702.00
1699.00
1681.00
1692.50
1688.50
1714.00
1717.00
1746.00
1752.00
1747.00
1744.00
1708.00
1735.50
1715.00
1709.00
1659.50
1672.50
