m"Index" "GSPC.Open" "GSPC.High" "GSPC.Low" "GSPC.Close" "GSPC.Volume" "GSPC.Adjusted" "RET" "WED" "NOV"
1950-11-01 19.56 19.56 19.56 19.56 1780000 19.56 0.00153609831029167 1 1
1950-11-08 19.56 19.56 19.56 19.56 1850000 19.56 0.0103305785123966 1 1
1950-11-15 19.82 19.82 19.82 19.82 1620000 19.82 -0.00201409869083580 1 1
1950-11-22 20.16 20.16 20.16 20.16 2730000 20.16 0.0140845070422535 1 1
1950-11-29 19.37 19.37 19.37 19.37 2770000 19.37 -0.00971370143149275 1 1
1951-11-07 22.49 22.49 22.49 22.49 1490000 22.49 -0.0144609991235759 1 1
1951-11-14 22.85 22.85 22.85 22.85 1220000 22.85 0.00263273365511196 1 1
1951-11-21 22.64 22.64 22.64 22.64 1090000 22.64 -0.00176366843033504 1 1
1951-11-28 22.61 22.61 22.61 22.61 1150000 22.61 -0.00220653133274495 1 1
1952-11-05 24.67 24.67 24.67 24.67 2030000 24.67 0.00284552845528463 1 1
1952-11-12 24.65 24.65 24.65 24.65 1490000 24.65 -0.00484457004440864 1 1
1952-11-19 25.33 25.33 25.33 25.33 2350000 25.33 0.00675675675675658 1 1
1952-11-26 25.52 25.52 25.52 25.52 1920000 25.52 0.00630914826498419 1 1
1953-11-04 24.51 24.51 24.51 24.51 1480000 24.51 -0.00608272506082719 1 1
1953-11-18 24.29 24.29 24.29 24.29 1250000 24.29 0.00164948453608238 1 1
1953-11-25 24.52 24.52 24.52 24.52 1540000 24.52 0.000816326530612255 1 1
1954-11-03 32.44 32.44 32.44 32.44 2700000 32.44 0.0204466813463353 1 1
1954-11-10 33.18 33.18 33.18 33.18 2070000 33.18 0.000904977375565608 1 1
1954-11-17 33.63 33.63 33.63 33.63 3830000 33.63 0.00178731009830213 1 1
1954-11-24 34.22 34.22 34.22 34.22 3990000 34.22 0.00558330884513647 1 1
1955-11-02 42.35 42.35 42.35 42.35 1610000 42.35 0.0016556291390728 1 1
1955-11-09 44.61 44.61 44.61 44.61 2580000 44.61 0.0104190260475652 1 1
1955-11-16 45.91 45.91 45.91 45.91 2460000 45.91 -0.00649210127678002 1 1
1955-11-23 45.72 45.72 45.72 45.72 2550000 45.72 0.00131406044678051 1 1
1955-11-30 45.51 45.51 45.51 45.51 2900000 45.51 -0.00109745390693605 1 1
1956-11-07 47.11 47.11 47.11 47.11 2650000 47.11 -0.0102941176470589 1 1
1956-11-14 46.01 46.01 46.01 46.01 2290000 46.01 -0.00561919170088621 1 1
1956-11-21 44.67 44.67 44.67 44.67 2310000 44.67 -0.00490086879037643 1 1
1956-11-28 44.43 44.43 44.43 44.43 2190000 44.43 -0.0106880427521709 1 1
1957-11-06 40.43 40.43 40.43 40.43 2550000 40.43 0.00148625216745124 1 1
1957-11-13 39.55 39.55 39.55 39.55 2120000 39.55 -0.00126262626262641 1 1
1957-11-20 39.92 39.92 39.92 39.92 2400000 39.92 0.00276312484300423 1 1
1957-11-27 41.25 41.25 41.25 41.25 3330000 41.25 0.0289348964829133 1 1
1958-11-05 52.03 52.03 52.03 52.03 4080000 52.03 0.00911559348332047 1 1
1958-11-12 53.05 53.05 53.05 53.05 4440000 53.05 0.00132125330313326 1 1
1958-11-19 53.2 53.2 53.2 53.2 4090000 53.2 0.00131752305665356 1 1
1958-11-26 51.9 51.9 51.9 51.9 4090000 51.9 0.0172481379851037 1 1
1959-11-04 57.26 57.26 57.26 57.26 3940000 57.26 -0.00261278522905417 1 1
1959-11-11 57.49 57.49 57.49 57.49 2820000 57.49 0.000173973556019558 1 1
1959-11-18 56.99 56.99 56.99 56.99 3660000 56.99 0.0108194395175594 1 1
1959-11-25 57.44 57.44 57.44 57.44 3550000 57.44 0.00156931124673054 1 1
1960-11-02 54.22 54.22 54.22 54.22 2780000 54.22 0.00519095291064153 1 1
1960-11-09 55.35 55.35 55.35 55.35 3450000 55.35 0.00435492651061509 1 1
1960-11-16 55.7 55.7 55.7 55.7 3110000 55.7 -0.00197097294391690 1 1
1960-11-23 55.8 55.8 55.8 55.8 3e+06 55.8 0.00143575017946884 1 1
1960-11-30 55.54 55.54 55.54 55.54 3080000 55.54 -0.0051943399605946 1 1
1961-11-01 68.73 68.73 68.73 68.73 3210000 68.73 0.00160303118624316 1 1
1961-11-08 70.87 70.87 70.87 70.87 6090000 70.87 0.0122839594343664 1 1
1961-11-15 71.67 71.67 71.67 71.67 4660000 71.67 0.000139547864917766 1 1
1961-11-22 71.7 71.7 71.7 71.7 4500000 71.7 -0.00111451657843409 1 1
1961-11-29 71.7 71.7 71.7 71.7 4550000 71.7 -0.000696864111498163 1 1
1962-11-07 58.35 59.11 57.76 58.71 4580000 58.71 0.00616966580976852 1 1
1962-11-14 59.46 60.41 59.18 60.16 5090000 60.16 0.0117726202489068 1 1
1962-11-21 60.45 61.18 60.19 60.81 5100000 60.81 0.00595533498759315 1 1
1962-11-28 61.73 62.48 61.51 62.12 5980000 62.12 0.00631783573627076 1 1
1963-11-06 73.45 73.47 72.33 72.81 5600000 72.81 -0.00871341048332197 1 1
1963-11-13 73.23 73.67 72.89 73.29 4710000 73.29 0.00081933633756659 1 1
1963-11-20 71.9 73.14 71.49 72.56 5330000 72.56 0.00917941585535464 1 1
1963-11-27 72.38 72.78 71.76 72.25 5210000 72.25 -0.00179607626416134 1 1
1964-11-04 85.18 85.9 84.8 85.14 4720000 85.14 -0.000469593801361912 1 1
1964-11-11 84.84 85.3 84.49 85.08 3790000 85.08 0.00282885431400270 1 1
1964-11-18 86.03 86.8 85.73 86.22 6560000 86.22 0.00220853190747405 1 1
1964-11-25 85.73 86.18 85.1 85.44 4800000 85.44 -0.00338271316925243 1 1
1965-11-03 92.23 92.79 91.62 92.31 7520000 92.31 0.000867396725577452 1 1
1965-11-10 91.93 92.4 91.35 91.83 4860000 91.83 -0.00108778418361810 1 1
1965-11-17 92.41 93.28 91.85 92.6 9120000 92.6 0.00205605453955204 1 1
1965-11-24 91.78 92.5 91.14 91.94 7870000 91.94 0.00174329919372407 1 1
1966-11-02 80.81 81.68 80.3 80.88 6740000 80.88 0.000866229427050946 1 1
1966-11-09 80.73 81.9 80.46 81.38 8390000 81.38 0.00805152979066004 1 1
1966-11-16 81.69 83.01 81.55 82.37 10350000 82.37 0.0083241522830213 1 1
1966-11-23 79.67 80.85 79.39 80.21 7350000 80.21 0.00677795908120982 1 1
1966-11-30 80.42 80.9 79.62 80.45 7230000 80.45 0.000373041531957163 1 1
1967-11-01 93.3 94.21 92.45 92.71 10930000 92.71 -0.00632368703108255 1 1
1967-11-08 91.48 93.07 90.8 91.14 12630000 91.14 -0.00371665937909926 1 1
1967-11-15 91.39 92.25 90.44 91.76 1e+07 91.76 0.00404858299595157 1 1
1967-11-22 93.1 94.41 92.7 93.65 12180000 93.65 0.00590762620837815 1 1
1967-11-29 94.49 95.51 93.85 94.47 11400000 94.47 -0.000211662609799990 1 1
1968-11-06 103.1 104.41 102.45 103.27 12640000 103.27 0.00164888457807955 1 1
1968-11-13 104.62 105.76 104.08 105.13 15660000 105.13 0.00487478493595872 1 1
1968-11-27 107.26 108.55 106.59 107.76 16550000 107.76 0.00466157001678158 1 1
1969-11-05 97.21 98.39 96.75 97.64 12110000 97.64 0.00442341322909168 1 1
1969-11-12 98.07 98.72 97.28 97.89 12480000 97.89 -0.00183542367696532 1 1
1969-11-19 96.39 96.95 95.36 95.9 11240000 95.9 -0.00508351488743641 1 1
1969-11-26 92.94 93.85 92.24 93.27 10630000 93.27 0.00355067785668162 1 1
1970-11-04 84.22 85.26 83.82 84.39 12180000 84.39 0.00201852291617199 1 1
1970-11-11 84.79 86.24 84.69 85.03 13520000 85.03 0.002830522467272 1 1
1970-11-18 83.47 83.53 82.41 82.79 9850000 82.79 -0.00814663951120154 1 1
1970-11-25 84.78 85.7 84.35 85.09 13490000 85.09 0.00365652276480311 1 1
1971-11-03 93.27 95.31 93.27 94.91 14590000 94.91 0.0185662159261644 1 1
1971-11-10 94.46 94.84 93.1 93.41 13410000 93.41 -0.0111158162185051 1 1
1971-11-17 92.71 93.35 91.8 92.85 12840000 92.85 0.00151008521195117 1 1
1971-11-24 90.16 91.14 89.73 90.33 11870000 90.33 0.00188553682342496 1 1
1972-11-01 111.58 113.31 111.32 112.67 21360000 112.67 0.00976877576626634 1 1
1972-11-08 113.98 115.23 112.77 113.35 24620000 113.35 -0.00552728548868231 1 1
1972-11-15 114.95 116.07 113.87 114.5 23270000 114.5 -0.00391474554153981 1 1
1972-11-22 116.21 117.61 115.67 116.9 24510000 116.9 0.00593752689097338 1 1
1972-11-29 116.47 117.14 115.56 116.52 17380000 116.52 0.000429295097450044 1 1
1973-11-07 104.96 106.72 104.53 105.8 16570000 105.8 0.00800304878048785 1 1
1973-11-14 104.36 105.25 101.87 102.45 22710000 102.45 -0.0183020314296665 1 1
1973-11-21 98.66 101.33 97.87 99.76 24260000 99.76 0.0111494019866207 1 1
1973-11-28 95.7 98.4 95.22 97.65 19990000 97.65 0.0203761755485894 1 1
1974-11-06 75.11 77.41 74.23 74.75 23930000 74.75 -0.00479297031021164 1 1
1974-11-13 73.67 74.25 72.32 73.35 16040000 73.35 -0.00434369485543651 1 1
1974-11-20 68.2 69.25 67.36 67.9 12430000 67.9 -0.00439882697947214 1 1
1974-11-27 69.47 71.31 69.17 69.94 14810000 69.94 0.0067655102922124 1 1
1975-11-05 88.51 90.08 88.32 89.15 17390000 89.15 0.00723082137611564 1 1
1975-11-12 89.87 91.63 89.8 91.19 23960000 91.19 0.0146878824969399 1 1
1975-11-19 91 91.28 89.47 89.98 16820000 89.98 -0.0112087912087911 1 1
1975-11-26 90.71 91.58 90.17 90.94 18780000 90.94 0.00253555286076512 1 1
1976-11-03 102.49 102.49 100.73 101.92 19350000 101.92 -0.0114451988360814 1 1
1976-11-10 99.32 99.98 98.18 98.81 18890000 98.81 -0.0051349174385823 1 1
1976-11-17 100.04 101.32 99.64 100.61 19900000 100.61 0.00569772091163534 1 1
1976-11-24 101.96 102.85 101.41 102.41 20420000 102.41 0.00441349548842696 1 1
1977-11-02 91.35 91.59 90.29 90.71 20760000 90.71 -0.00700602079912427 1 1
1977-11-09 92.46 93.27 92.01 92.98 21330000 92.98 0.00562405364481955 1 1
1977-11-16 95.93 96.47 95.06 95.45 24950000 95.45 -0.00500364849369339 1 1
1977-11-23 96.09 96.94 95.6 96.49 29150000 96.49 0.00416276407534588 1 1
1977-11-30 94.55 95.17 93.78 94.83 22670000 94.83 0.00296139608672652 1 1
1978-11-01 94.13 97.41 94.13 96.85 50450000 96.85 0.0397208803005904 1 1
1978-11-08 93.85 94.74 92.89 94.45 23560000 94.45 0.00639318060735228 1 1
1978-11-15 92.49 94 92.29 92.71 26280000 92.71 0.00237863552816520 1 1
1978-11-22 95.01 95.91 94.54 95.48 20010000 95.48 0.00494684770024212 1 1
1978-11-29 94.92 94.92 93.48 93.75 21160000 93.75 -0.0147136100893327 1 1
1979-11-07 100.97 100.97 99.42 99.87 30830000 99.87 -0.0131422924901186 1 1
1979-11-14 102.94 104.13 101.91 103.39 30970000 103.39 0.00437147853118325 1 1
1979-11-21 103.69 104.23 102.04 103.89 37020000 103.89 0.00192882630919078 1 1
1979-11-28 106.38 107.55 105.29 106.77 39690000 106.77 0.00366610265087419 1 1
1980-11-05 130.77 135.65 130.77 131.33 84080000 131.33 0.0177464352138874 1 1
1980-11-12 131.33 135.12 131.33 134.59 58500000 134.59 0.0253694956574737 1 1
1980-11-19 139.7 141.76 138.06 139.06 69230000 139.06 -0.00458124552612726 1 1
1980-11-26 139.33 141.96 138.6 140.17 55340000 140.17 0.00602885236488904 1 1
1981-11-04 124.8 126 123.64 124.74 53450000 124.74 -0.000480769230769229 1 1
1981-11-11 122.7 123.82 121.51 122.92 41920000 122.92 0.00179299103504471 1 1
1981-11-18 121.15 121.66 119.61 120.26 49980000 120.26 -0.00734626496079238 1 1
1981-11-25 123.51 125.29 123.07 124.05 58570000 124.05 0.00437211561816842 1 1
1982-11-03 137.53 142.88 137.53 142.87 137010000 142.87 0.0391301185540767 1 1
1982-11-10 143.04 144.36 140.8 141.16 113240000 141.16 -0.0130051741015244 1 1
1982-11-17 135.47 137.93 135.47 137.93 84440000 137.93 0.0185349283709941 1 1
1982-11-24 132.92 133.88 132.92 133.88 67220000 133.88 0.00714661852102605 1 1
1983-11-02 165.21 165.21 163.55 164.84 95210000 164.84 0.00721006965660509 1 1
1983-11-09 161.74 163.97 161.74 163.97 83100000 163.97 0.013662215628091 1 1
1983-11-16 165.36 166.41 165.34 166.08 83380000 166.08 0.00435413642960802 1 1
1983-11-23 166.88 167.21 166.26 166.96 108080000 166.96 0.00071925197794287 1 1
1983-11-30 167.91 168.07 166.33 166.4 120130000 166.4 -0.00899291286998982 1 1
1984-11-07 170.41 170.41 168.44 169.17 110800000 169.17 -0.00727656827650969 1 1
1984-11-14 165.97 166.43 165.39 165.99 73940000 165.99 0.000120503705488995 1 1
1984-11-21 164.18 164.68 163.29 164.51 81620000 164.51 0.00200998903642335 1 1
1984-11-28 166.29 166.9 164.97 165.02 86300000 165.02 -0.0076372602080701 1 1
1985-11-06 192.37 193.01 191.83 192.76 129500000 192.76 0.0020273431408222 1 1
1985-11-13 198.08 198.11 196.91 197.1 109700000 197.1 -0.0049474959612279 1 1
1985-11-20 198.67 199.2 198.52 198.99 105100000 198.99 0.00161071122967749 1 1
1985-11-27 200.67 202.65 200.67 202.54 143700000 202.54 0.009318782080032 1 1
1986-11-05 246.09 247.05 245.21 246.58 183200000 246.58 0.00154346060113730 1 1
1986-11-12 247.06 247.67 245.68 246.64 162200000 246.64 -0.00178079974097467 1 1
1986-11-19 236.77 237.94 235.51 237.66 183300000 237.66 0.00371653011234052 1 1
1986-11-26 248.14 248.9 247.73 248.77 1.52e+08 248.77 0.00241769754603705 1 1
1987-11-04 250.81 251 246.34 248.96 202500000 248.96 -0.00741567658081488 1 1
1987-11-11 239.01 243.86 239 241.9 147850000 241.9 0.0121338912133890 1 1
1987-11-18 243.09 245.55 240.67 245.55 158270000 245.55 0.0103275181040159 1 1
1987-11-25 246.42 246.54 244.08 244.1 139780000 244.1 -0.0092942083688461 1 1
1988-11-02 279.07 279.45 277.08 279.06 161300000 279.06 0 1 1
1988-11-09 275.14 275.15 272.15 273.33 153140000 273.33 -0.00661457386879882 1 1
1988-11-16 268.41 268.41 262.85 263.82 161710000 263.82 -0.0168443020049190 1 1
1988-11-23 267.22 269.56 267.21 269 112010000 269 0.00669885109090229 1 1
1988-11-30 270.91 274.36 270.9 273.7 157810000 273.7 0.0102986231589826 1 1
1989-11-01 340.36 341.74 339.79 341.2 154240000 341.2 0.00246797508520391 1 1
1989-11-08 334.81 339.41 334.81 338.15 170150000 338.15 0.0099758071742182 1 1
1989-11-15 338 340.54 337.14 340.54 155130000 340.54 0.00754460191129924 1 1
1989-11-22 339.59 341.92 339.59 341.91 145730000 341.91 0.00683176771989769 1 1
1989-11-29 345.77 345.77 343.36 343.6 147270000 343.6 -0.00627584810712312 1 1
1990-11-07 311.62 311.62 305.79 306.01 149130000 306.01 -0.0180026955907837 1 1
1990-11-14 317.66 321.7 317.23 320.4 179310000 320.4 0.00859382377939366 1 1
1990-11-21 315.31 316.15 312.42 316.03 140660000 316.03 0.00228346706415894 1 1
1990-11-28 318.11 319.96 317.62 317.95 145490000 317.95 -0.000471549827098516 1 1
1991-11-06 388.71 389.97 387.58 389.97 167440000 389.97 0.00324149108589955 1 1
1991-11-13 396.74 397.42 394.01 397.41 184480000 397.41 0.00168876342188851 1 1
1991-11-20 379.42 381.51 377.84 378.53 192760000 378.53 -0.00234568552000436 1 1
1991-11-27 377.96 378.11 375.98 376.55 167720000 376.55 -0.00373055349772455 1 1
1992-11-04 419.91 421.07 416.61 417.11 194400000 417.11 -0.00669175080967799 1 1
1992-11-11 418.62 422.33 418.4 422.2 243750000 422.2 0.00855190865223832 1 1
1992-11-18 419.27 423.49 419.24 422.85 219080000 422.85 0.00853865051160363 1 1
1992-11-25 427.59 429.41 427.58 429.19 207700000 429.19 0.00374190228957660 1 1
1993-11-03 468.44 468.61 460.95 463.02 342110000 463.02 -0.0115703185039706 1 1
1993-11-10 460.4 463.72 459.57 463.72 283450000 463.72 0.00736428214541762 1 1
1993-11-17 466.74 467.24 462.73 464.81 316940000 464.81 -0.00413506448986589 1 1
1993-11-24 461.03 462.9 461.03 462.36 230630000 462.36 0.00288484480402595 1 1
1994-11-02 468.41 470.92 466.36 466.51 331360000 466.51 -0.00407753725289273 1 1
1994-11-09 465.65 469.95 463.46 465.4 337780000 465.4 -0.000536883925695286 1 1
1994-11-16 465.06 466.25 464.28 465.62 296980000 465.62 0.00126873535040750 1 1
1994-11-23 450.01 450.61 444.18 449.93 430760000 449.93 -0.000355484458663735 1 1
1994-11-30 455.17 457.13 453.27 453.69 298650000 453.69 -0.00325153239449005 1 1
1995-11-01 581.5 584.24 581.04 584.22 378090000 584.22 0.00467755803955283 1 1
1995-11-08 586.32 591.71 586.32 591.71 359780000 591.71 0.00919293218720152 1 1
1995-11-15 589.29 593.97 588.36 593.96 376100000 593.96 0.00792479085000597 1 1
1995-11-22 600.24 600.71 598.4 598.4 404980000 598.4 -0.00306544049047053 1 1
1995-11-29 606.45 607.66 605.47 607.64 398280000 607.64 0.00196223926127459 1 1
1996-11-06 714.14 724.6 712.83 724.59 509600000 724.59 0.0146329851289664 1 1
1996-11-13 729.56 732.11 728.03 731.13 429840000 731.13 0.00215198201655808 1 1
1996-11-20 742.16 746.99 740.4 743.95 497900000 743.95 0.00241187884014238 1 1
1996-11-27 755.96 757.3 753.18 755 377780000 755 -0.00126990846076513 1 1
1997-11-05 940.76 949.62 938.16 942.76 565680000 942.76 0.00212594072877259 1 1
1997-11-12 923.78 923.88 905.34 905.96 585340000 905.96 -0.0192903072160038 1 1
1997-11-19 938.23 947.28 934.83 944.59 542720000 944.59 0.00677872163541982 1 1
1997-11-26 950.82 956.47 950.82 951.64 487750000 951.64 0.00086241349571936 1 1
1998-11-04 1110.84 1127.18 1110.59 1118.67 861100000 1118.67 0.00704871988765277 1 1
1998-11-11 1128.26 1136.25 1117.4 1120.97 715700000 1120.97 -0.00646127665608986 1 1
1998-11-18 1139.32 1144.52 1133.07 1144.48 652510000 1144.48 0.00452901730857014 1 1
1998-11-25 1182.99 1187.16 1179.37 1186.87 583580000 1186.87 0.00327982485059031 1 1
1999-11-03 1347.74 1360.33 1347.74 1354.93 914400000 1354.93 0.00533485687150348 1 1
1999-11-10 1365.28 1379.18 1359.98 1373.46 984700000 1373.46 0.0059914449783196 1 1
1999-11-17 1420.07 1423.44 1410.69 1410.71 9.6e+08 1410.71 -0.00659122437626303 1 1
1999-11-24 1404.64 1419.71 1399.17 1417.08 734800000 1417.08 0.00885636177241134 1 1
2000-11-01 1429.4 1429.6 1410.45 1421.22 1206800000 1421.22 -0.00572268084510985 1 1
2000-11-08 1431.87 1437.28 1408.78 1409.28 909300000 1409.28 -0.0157765718954932 1 1
2000-11-15 1382.95 1395.96 1374.75 1389.81 1066800000 1389.81 0.00496041071622244 1 1
2000-11-22 1347.35 1347.35 1321.89 1322.36 963200000 1322.36 -0.0185475192043641 1 1
2000-11-29 1336.09 1352.38 1329.28 1341.93 402100000 1341.93 0.00437096303392748 1 1
2001-11-07 1118.86 1126.62 1112.98 1115.8 1411300000 1115.8 -0.00273492662173991 1 1
2001-11-14 1139.09 1148.28 1132.87 1141.21 1443400000 1141.21 0.00186113476547090 1 1
2001-11-21 1142.66 1142.66 1129.78 1137.03 1029300000 1137.03 -0.00492709992473717 1 1
2001-11-28 1149.5 1149.5 1128.29 1128.52 1423700000 1128.52 -0.0182514136581122 1 1
2002-11-06 915.39 925.66 905 923.76 1.674e+09 923.76 0.00914364369285225 1 1
2002-11-13 882.95 892.51 872.05 882.53 1463400000 882.53 -0.000475678124469137 1 1
2002-11-20 896.74 915.01 894.93 914.15 1517300000 914.15 0.0194147690523452 1 1
2002-11-27 913.31 940.41 913.31 938.87 1350300000 938.87 0.0279861164336317 1 1
2003-11-05 1053.25 1054.54 1044.88 1051.81 1401800000 1051.81 -0.00136719677189656 1 1
2003-11-12 1046.57 1059.1 1046.57 1058.53 1349300000 1058.53 0.0114278070267637 1 1
2003-11-19 1034.15 1043.95 1034.15 1042.44 1326200000 1042.44 0.00801624522554745 1 1
2003-11-26 1053.89 1058.45 1048.28 1058.45 1097700000 1058.45 0.00432682727798905 1 1
2004-11-03 1130.54 1147.57 1130.54 1143.2 1767500000 1143.2 0.0111803000283046 1 1
2004-11-10 1164.08 1169.25 1162.51 1162.91 1504300000 1162.91 -0.00100508556112966 1 1
2004-11-17 1175.43 1188.46 1175.43 1181.94 1684200000 1181.94 0.00553839871366213 1 1
2004-11-24 1176.94 1182.46 1176.94 1181.76 1149600000 1181.76 0.00409536594898641 1 1
2005-11-02 1202.76 1215.17 1201.07 1214.76 2648090000 1214.76 0.00997705277860916 1 1
2005-11-09 1218.59 1226.59 1216.53 1220.65 2214460000 1220.65 0.00169047833972069 1 1
2005-11-16 1229.01 1232.24 1227.18 1231.21 2121580000 1231.21 0.00179005866510451 1 1
2005-11-23 1261.23 1270.64 1259.51 1265.61 1985400000 1265.61 0.00347280036155162 1 1
2005-11-30 1257.48 1260.93 1249.39 1249.48 2374690000 1249.48 -0.00636193020962561 1 1
2006-11-01 1377.76 1381.95 1366.26 1367.81 2821160000 1367.81 -0.00735155376866925 1 1
2006-11-08 1382.5 1388.61 1379.33 1385.72 2814820000 1385.72 0.00208267044632793 1 1
2006-11-15 1392.91 1401.35 1392.13 1396.57 2831130000 1396.57 0.00240450180158192 1 1
2006-11-22 1402.69 1407.89 1402.26 1406.09 2237710000 1406.09 0.00233816411345789 1 1
2006-11-29 1386.11 1401.14 1386.11 1399.48 2790970000 1399.48 0.0092015691704166 1 1
2007-11-07 1515.46 1515.46 1475.04 1475.62 4353160000 1475.62 -0.0293697829990726 1 1
2007-11-14 1483.4 1492.14 1466.47 1470.58 4031470000 1470.58 -0.0070693089362277 1 1
2007-11-21 1434.71 1436.4 1415.64 1416.77 4076230000 1416.77 -0.0159269292213656 1 1
2007-11-28 1432.95 1471.62 1432.95 1469.02 4508020000 1469.02 0.0285598257983657 1 1
2008-11-05 1001.84 1001.84 949.86 952.77 5426640000 952.77 -0.0526771066368382 1 1
2008-11-12 893.39 893.39 850.48 852.3 5764180000 852.3 -0.0518938761888871 1 1
2008-11-19 859.03 864.57 806.18 806.58 6548600000 806.58 -0.061155601080175 1 1
2008-11-26 852.9 887.68 841.37 887.68 5793260000 887.68 0.0353281470509337 1 1
2009-11-04 1047.14 1061 1045.15 1046.5 5635510000 1046.5 0.00104265312174157 1 1
2009-11-11 1096.04 1105.37 1093.81 1098.51 4286700000 1098.51 0.00503197591970794 1 1
2009-11-18 1109.44 1111.1 1102.7 1109.8 4293340000 1109.8 -0.00046833345341879 1 1
2009-11-25 1106.49 1111.18 1104.75 1110.63 3036350000 1110.63 0.00450413783747128 1 1
2010-11-03 1193.79 1198.3 1183.56 1197.96 4665480000 1197.96 0.00367804150573492 1 1
2010-11-10 1213.14 1218.75 1204.33 1218.71 4561300000 1218.71 0.00437613317949559 1 1
2010-11-17 1178.33 1183.56 1175.82 1178.59 3904780000 1178.59 0.000212162873194588 1 1
2010-11-24 1183.7 1198.62 1183.7 1198.35 3384250000 1198.35 0.0149229713821111 1 1
2011-11-02 1219.62 1242.48 1219.62 1237.9 4110530000 1237.9 0.0161046721607514 1 1
2011-11-09 1275.18 1275.18 1226.64 1229.1 4659740000 1229.1 -0.0366950906012917 1 1
2011-11-16 1257.81 1259.61 1235.67 1236.91 4085010000 1236.91 -0.0166161820942748 1 1
